1769463498677 0.42 0
1769464033974 0.53935 1
1769464493488 0.62263 2
1769464793910 0.62036 3
1769465087132 0.64872 4
1769465348738 0.65027 5
1769465562918 0.67658 6
1769465779095 0.69304 7
1769466010730 0.6902 8
1769466241232 0.69973 9
1769466462549 0.72015 10
1769466690636 0.71819 11
1769466918893 0.72127 12
1769467144626 0.72719 13
1769467375250 0.72034 14
1769467599894 0.74096 15
1769467823500 0.75931 16
1769468056205 0.75462 17
1769468290512 0.75886 18
1769468527190 0.76175 19
1769468761886 0.77215 20
1769470055899 0.78266 21
1769470244080 0.77388 22
1769470508236 0.78722 23
1769470807387 0.79048 24
1769471075364 0.78568 25
1769471295997 0.79456 26
1769471568892 0.79451 27
1769471767178 0.79002 28
1769472020878 0.80065 29
1769472345954 0.78955 30
1769472642981 0.79817 31
1769472930803 0.79988 32
1769473212527 0.81353 33
1769473496456 0.8112 34
1769473750141 0.81319 35
1769474045469 0.82052 36
1769474339660 0.82026 37
1769474642688 0.81951 38
1769474935614 0.81948 39
1769474947648 0.820271875307741 39
