1769463498677 0.59803 0
1769464033974 0.76473 1
1769464493488 0.86095 2
1769464793910 0.87522 3
1769465087132 0.87209 4
1769465348738 0.88985 5
1769465562918 0.90489 6
1769465779095 0.92989 7
1769466010730 0.90788 8
1769466241232 0.91991 9
1769466462549 0.93244 10
1769466690636 0.92115 11
1769466918893 0.92628 12
1769467144626 0.93902 13
1769467375250 0.93649 14
1769467599894 0.94389 15
1769467823500 0.94923 16
1769468056205 0.946 17
1769468290512 0.95376 18
1769468527190 0.94798 19
1769468761886 0.94999 20
1769470055899 0.95776 21
1769470244080 0.95161 22
1769470508236 0.9523 23
1769470807387 0.96057 24
1769471075364 0.9536 25
1769471295997 0.95667 26
1769471568892 0.95929 27
1769471767178 0.95948 28
1769472020878 0.96012 29
1769472345954 0.96037 30
1769472642981 0.95812 31
1769472930803 0.96398 32
1769473212527 0.96543 33
1769473496456 0.96394 34
1769473750141 0.96085 35
1769474045469 0.96404 36
1769474339660 0.96068 37
1769474642688 0.96219 38
1769474935614 0.96141 39
1769474947648 0.9637587434276071 39
