1769463498677 0.56297 0
1769464033974 0.69779 1
1769464493488 0.79421 2
1769464793910 0.85457 3
1769465087132 0.83196 4
1769465348738 0.89473 5
1769465562918 0.83726 6
1769465779095 0.88196 7
1769466010730 0.8556 8
1769466241232 0.87901 9
1769466462549 0.87854 10
1769466690636 0.8768 11
1769466918893 0.90468 12
1769467144626 0.89977 13
1769467375250 0.91192 14
1769467599894 0.93585 15
1769467823500 0.90705 16
1769468056205 0.92732 17
1769468290512 0.91107 18
1769468527190 0.92817 19
1769468761886 0.93765 20
1769470055899 0.93448 21
1769470244080 0.92405 22
1769470508236 0.92913 23
1769470807387 0.9299 24
1769471075364 0.92776 25
1769471295997 0.90557 26
1769471568892 0.93759 27
1769471767178 0.92804 28
1769472020878 0.92543 29
1769472345954 0.91054 30
1769472642981 0.91435 31
1769472930803 0.93301 32
1769473212527 0.9427 33
1769473496456 0.9456 34
1769473750141 0.9306 35
1769474045469 0.92395 36
1769474339660 0.94143 37
1769474642688 0.92064 38
1769474935614 0.93521 39
1769474947648 0.9239829389996451 39
