1769463498677 0.589 0
1769464033974 0.72815 1
1769464493488 0.80594 2
1769464793910 0.79652 3
1769465087132 0.80285 4
1769465348738 0.79476 5
1769465562918 0.83699 6
1769465779095 0.87247 7
1769466010730 0.86012 8
1769466241232 0.86907 9
1769466462549 0.87029 10
1769466690636 0.87987 11
1769466918893 0.87166 12
1769467144626 0.89468 13
1769467375250 0.86938 14
1769467599894 0.87434 15
1769467823500 0.89111 16
1769468056205 0.88992 17
1769468290512 0.91315 18
1769468527190 0.90404 19
1769468761886 0.89331 20
1769470055899 0.91545 21
1769470244080 0.88554 22
1769470508236 0.91949 23
1769470807387 0.91031 24
1769471075364 0.90852 25
1769471295997 0.93795 26
1769471568892 0.92041 27
1769471767178 0.93553 28
1769472020878 0.9211 29
1769472345954 0.93074 30
1769472642981 0.92286 31
1769472930803 0.92711 32
1769473212527 0.91814 33
1769473496456 0.92709 34
1769473750141 0.92495 35
1769474045469 0.95103 36
1769474339660 0.92728 37
1769474642688 0.93154 38
1769474935614 0.92424 39
1769474947648 0.9494605657004065 39
