1769463456890 0.06702839931153184 0
1769463993264 0.03401190641135972 1
1769464473850 0.000978913511187604 2
1769464773341 0.0009257500000000001 3
1769465069331 0.000901 4
1769465336176 0.00087625 5
1769465550226 0.0008515 6
1769465764689 0.00082675 7
1769465995452 0.0008020000000000001 8
1769466225892 0.0007772500000000001 9
1769466449283 0.0007524999999999999 10
1769466676356 0.00072775 11
1769466905134 0.000703 12
1769467130950 0.00067825 13
1769467360071 0.0006535 14
1769467587152 0.0006287500000000001 15
1769467808979 0.000604 16
1769468041443 0.0005792499999999999 17
1769468275953 0.0005545 18
1769468511592 0.0005297500000000001 19
1769468746607 0.000505 20
1769470042258 0.00048025000000000005 21
1769470232164 0.00045549999999999996 22
1769470489456 0.00043075000000000003 23
1769470786085 0.00040600000000000006 24
1769471064080 0.00038124999999999997 25
1769471276292 0.0003565 26
1769471557054 0.00033175 27
1769471753498 0.00030700000000000004 28
1769472001965 0.00028225 29
1769472326715 0.0002575 30
1769472623185 0.00023275 31
1769472911782 0.00020799999999999996 32
1769473194956 0.00018325000000000006 33
1769473479267 0.00015850000000000003 34
1769473732491 0.00013375 35
1769474024192 0.00010899999999999998 36
1769474320678 8.424999999999995e-05 37
1769474622786 5.950000000000005e-05 38
1769474917172 3.4750000000000025e-05 39
