1769463456890 1.33776 0
1769463993264 1.19886 1
1769464473850 1.1521 2
1769464773341 1.1354 3
1769465069331 1.1121 4
1769465336176 1.09146 5
1769465550226 1.05934 6
1769465764689 1.03363 7
1769465995452 1.02512 8
1769466225892 1.04577 9
1769466449283 1.00747 10
1769466676356 0.98371 11
1769466905134 0.96906 12
1769467130950 0.97299 13
1769467360071 0.96176 14
1769467587152 0.93668 15
1769467808979 0.93411 16
1769468041443 0.92878 17
1769468275953 0.90863 18
1769468511592 0.89236 19
1769468746607 0.88134 20
1769470042258 0.88839 21
1769470232164 0.87731 22
1769470489456 0.85137 23
1769470786085 0.86149 24
1769471064080 0.84441 25
1769471276292 0.84016 26
1769471557054 0.82994 27
1769471753498 0.82346 28
1769472001965 0.81346 29
1769472326715 0.70577 30
1769472623185 0.70146 31
1769472911782 0.68256 32
1769473194956 0.66932 33
1769473479267 0.66022 34
1769473732491 0.65681 35
1769474024192 0.64595 36
1769474320678 0.64477 37
1769474622786 0.63457 38
1769474917172 0.62669 39
