1769463456890 2.06718 0
1769463993264 1.27459 1
1769464473850 1.09751 2
1769464773341 0.97743 3
1769465069331 0.9202 4
1769465336176 0.86075 5
1769465550226 0.79412 6
1769465764689 0.79256 7
1769465995452 0.77074 8
1769466225892 0.7563 9
1769466449283 0.75749 10
1769466676356 0.71351 11
1769466905134 0.68623 12
1769467130950 0.67147 13
1769467360071 0.65716 14
1769467587152 0.64793 15
1769467808979 0.62865 16
1769468041443 0.63711 17
1769468275953 0.62626 18
1769468511592 0.61046 19
1769468746607 0.5948 20
1769470042258 0.58212 21
1769470232164 0.57353 22
1769470489456 0.56904 23
1769470786085 0.56051 24
1769471064080 0.54925 25
1769471276292 0.53723 26
1769471557054 0.5309 27
1769471753498 0.53443 28
1769472001965 0.52023 29
1769472326715 0.32187 30
1769472623185 0.30373 31
1769472911782 0.29045 32
1769473194956 0.28705 33
1769473479267 0.27888 34
1769473732491 0.26945 35
1769474024192 0.26814 36
1769474320678 0.26411 37
1769474622786 0.26451 38
1769474917172 0.26044 39
