1769463456890 0.01787 0
1769463993264 0.01593 1
1769464473850 0.01529 2
1769464773341 0.01524 3
1769465069331 0.01449 4
1769465336176 0.01428 5
1769465550226 0.01384 6
1769465764689 0.01354 7
1769465995452 0.01315 8
1769466225892 0.01338 9
1769466449283 0.01314 10
1769466676356 0.01245 11
1769466905134 0.01229 12
1769467130950 0.01251 13
1769467360071 0.01216 14
1769467587152 0.01171 15
1769467808979 0.01168 16
1769468041443 0.01157 17
1769468275953 0.01128 18
1769468511592 0.01121 19
1769468746607 0.01091 20
1769470042258 0.01106 21
1769470232164 0.01076 22
1769470489456 0.01042 23
1769470786085 0.01058 24
1769471064080 0.01038 25
1769471276292 0.01013 26
1769471557054 0.00997 27
1769471753498 0.01003 28
1769472001965 0.00976 29
1769472326715 0.01064 30
1769472623185 0.01069 31
1769472911782 0.0102 32
1769473194956 0.00998 33
1769473479267 0.00989 34
1769473732491 0.00978 35
1769474024192 0.00939 36
1769474320678 0.0095 37
1769474622786 0.00924 38
1769474917172 0.00908 39
